Nombre,Puntaje
sdsds,0